3.65049
3.89309
3.68411
3.7637
3.73382
3.71821
3.54298
3.5565
3.61225
3.55159
3.53855
3.53093
3.51402
3.55524
3.54803
3.53166
3.50479
3.84392
3.89978
3.55962
3.54378
3.48078
3.52831
3.47816
3.51166
3.58131
3.82849
3.78327
3.74458
3.72186
3.75563
3.54484
3.52394
3.39653
3.58879
4.0974
3.82945
3.85692
3.58299
3.5616
3.58228
3.5579
3.48055
3.51606
3.51785
3.54169
3.58739
3.52228
3.47194
3.47786
3.51192
3.50162
3.51603
3.88494
3.57144
3.65846
3.6862
3.6349
3.56172
3.58856
3.58225
3.55008
3.52167
3.74953
4.03763
3.97477
3.86229
3.88005
3.50038
3.5305
3.51857
3.92813
3.89033
3.60552
3.61716
3.60678
3.67822
3.67535
3.66942
3.66756
3.56757
3.58132
3.67328
3.86633
3.9806
3.84173
3.8789
3.95452
3.92729
4.26688
3.91765
3.8256
4.03919
5.34476
5.49506
5.43809
5.52094
5.57269
5.56057
5.47403
5.59094
5.61262
5.55174
5.88418
5.41229
5.41055
5.44313
5.39568
5.72273
5.44845
5.50841
5.45284
5.48139
5.453
5.4123
5.42545
3.78081
3.79138
3.77912
5.33288
5.35855
5.45513
5.62104
5.48785
5.49463
5.89334
5.73492
5.42031
5.33466
5.41083
5.36672
5.34212
5.33
5.36993
5.30049
5.26747
5.53526
5.62778
5.63829
5.71721
5.47067
5.31522
5.77442
5.46314
5.56645
5.48028
5.45272
5.59013
5.60239
5.48922
5.49444
5.49706
5.7295
5.73339
5.76525
5.79673
5.66688
5.54092
5.46455
5.4943
5.81609
5.82241
5.51246
5.6247
5.47595
5.57138
5.57981
5.57586
5.53847
5.57233
5.54201
5.54126
5.58922
5.63093
5.68878
5.6449
5.77362
5.71023
5.67604
6.06487
6.09534
5.79607
5.97379
5.97011
4.06189
3.98358
3.99052
5.71261
3.98539
4.02992
4.08101
4.05314
4.06764
4.54454
4.50786
6.25311
6.4279
6.67699
6.6413
6.39533
6.43528
6.43406
6.46453
6.29493
6.22828
6.33544
6.12822
6.141
6.43941
6.5048
6.60216
6.27185
6.13441
6.17355
6.62841
6.36196
6.3406
6.43881
6.57174
6.69047
6.59612
6.65212
6.56491
6.36912
6.31463
5.54098
5.74497
5.53694
5.48667
5.636
5.68814
5.56492
5.89696
5.90904
5.46646
5.59373
5.61479
5.72708
5.55627
5.80812
5.7493
5.7973
5.71636
5.5773
5.79136
5.80723
5.80368
5.7429
5.76114
5.83219
6.01605
6.00218
6.22823
5.79148
5.85978
5.7323
5.75961
5.68904
5.67558
5.63836
5.51124
5.49021
5.6574
5.59959
5.77546
5.81297
5.9527
5.93792
6.02671
5.87315
6.02733
6.1132
5.83555
5.61327
5.58805
5.65599
5.67311
5.66715
5.6186
6.25749
6.3928
6.61665
6.60506
6.62729
6.57792
6.61166
6.41171
5.74532
5.77049
5.97495
5.61315
5.59382
5.58886
5.57341
5.69596
5.57646
6.15351
6.09322
5.7954
5.77944
5.5835
5.60821
5.55691
5.64366
5.46755
5.5095
5.62434
5.72031
5.78675
6.54104
6.6683
6.68948
6.56394
6.59226
6.52097
6.8874
6.63513
6.54096
6.44479
6.35061
6.39385
6.45751
6.25
6.5849
6.53083
6.55612
6.58641
6.36844
6.46884
6.28007
6.24091
6.34838
6.3553
6.31285
6.63288
6.3597
5.74769
5.63553
5.89897
5.86556
5.88853
5.88474
6.00284
5.97899
5.85908
5.96625
4.41424
4.17541
4.06164
4.07218
4.09235
4.08138
3.89474
4.5171
4.60159
4.1886
4.15761
4.06805
3.94491
3.97684