34.5436
39.5046
36.1516
36.5741
35.465
34.8277
35.1553
36.5475
37.0381
36.6842
35.5098
36.3314
39.0096
41.0092
42.0863
40.3333
38.0146
35.7112
35.6786
37.5686
37.3841
34.8814
34.9781
35.516
41.9699
34.5819
33.7264
33.0159
33.0868
32.7127
33.8024
35.7516
37.1435
42.6453
36.8204
36.7467
37.8631
39.7498
42.0896
42.121
41.5173
47.6868
41.5788
42.6385
42.4519
45.0449
47.7259
39.7623
38.5197
43.5586
36.6686
36.6254
38.394
41.0288
48.7432
52.4693
49.0043
47.1942
46.7359
46.7459
46.2023
41.5997
43.8541
51.1642
41.9865
40.9669
44.8861
41.2984
40.4823
48.2547
40.7237
41.9827
42.1956
44.6092
46.9251
48.0952
34.5778
34.2847
43.1771
39.9744
40.0538
42.0936
55.3948
43.4972
38.7166
39.2526
38.6898
41.4836
44.165
45.8894
46.9094
42.7852
41.4802
40.873
41.5727
45.5445
46.3734
48.3103
50.4904
47.5544
48.9504
50.4255
54.5632
55.2461
52.1795
51.9584
50.6108
49.5097
55.0905
48.9421
46.8261
44.5635
46.6726
45.8942
51.3341
43.9591
47.7451
47.9438
31.8771
31.0135
31.8521
31.0895
28.5507
29.2475
33.2633
26.3063
30.565
21.5192
21.3769
22.2506
25.2633
26.6672
26.4089
27.7255
33.1992
31.0399
31.3315
34.1672
36.3026
39.2822
35.1851
34.8601
34.5261
33.0449
16.5882
15.9163
17.1595
18.045
23.3456
15.7249
26.4284
29.3556
24.8756
38.968
41.5001
31.6175
27.6982
36.1272
24.0375
25.9076
28.906
24.5135
31.7127
24.2016
23.193
23.4881
23.8302
24.1278
22.5168
18.8994
27.3456
26.4944
29.0075
21.1204
28.5386
30.2554
26.5486
33.8699
34.554
22.366
21.1029
19.2836
21.6688
27.4963
21.976
23.1209
26.0831
28.2316
28.057
43.4613
38.4179
39.8837
37.5637
26.1344
24.3956
22.5758
18.5006
20.1825
32.1791
34.3568
39.3743
51.5742
42.4605
49.1468
52.7299
58.7979
48.2765
47.9638
47.1245
52.7081
54.889
59.1043
58.1996
64.772
64.3466
57.939
59.7783
59.437
58.3503
60.2043
55.7754
56.8636
49.8581
45.8402
40.2618
37.166
46.5659
50.5561
56.8273
59.0286
62.9322
62.4932
71.7234
71.8761
66.6049
72.0654
66.3671
51.708
64.0429
65.6712
67.5799
60.571
69.3395
68.8519
72.171
71.735
62.7889
60.5835
53.0547
47.7639
42.4682
56.0208
57.4106
57.1324
52.3262
43.3306
51.6045
50.3336
56.9332
65.2998
54.1792
51.0048
63.3108
59.9113
58.1954
52.4576
58.9792
61.1764
57.4137
54.1809
54.7203
53.2581
44.3348
40.4304
59.2919
54.0302
46.7967
39.5786
32.5553
34.447
35.8292
35.5355
34.5326
37.5391
41.5002
45.3889
47.9673
47.8602
54.4807
45.9525
46.5795
44.8275
46.4365
50.3397
55.4464
57.8134
64.3589
68.5877
72.0199
77.7501
85.409
91.3226
99.7398
97.3383
94.1319
79.4617
74.3954
71.0891
59.4978
56.8602
56.3499
56.7523
58.1904
57.4621
56.9939
55.2172
57.4707
59.0422
59.1063
66.2056
60.5329
64.16
67.1178
73.6974
76.9246
81.0156
87.2224
91.4588
96.9444
98.0793
109.607
103.339
109.713
102.18
107.088
105.207
82.436
75.6613