37.7936
35.594
35.6811
35.4249
37.8911
35.8241
35.7634
19.481
19.3772
21.3015
21.1114
21.5409
21.876
21.3158
20.4596
20.6513
19.9796
19.7418
20.3923
20.0676
20.6854
20.4331
21.0024
20.9246
20.9281
19.9153
20.6255
19.4408
19.8868
20.6229
20.5744
20.5604
26.5436
26.4622
26.1426
25.7971
25.099
26.2183
26.8207
27.0463
27.5841
20.1507
20.0658
18.9157
18.2745
18.5561
18.2814
18.8047
19.5499
21.6349
20.6064
21.3827
20.7078
20.6735
26.1846
26.2953
26.4313
27.3282
27.3441
27.1846
27.591
27.1875
26.3944
26.2553
26.1934
26.4457
27.0025
20.7816
20.715
21.2087
20.4805
19.9677
19.5213
20.1602
19.5076
20.1918
20.671
21.0666
21.3404
28.335
27.6044
28.3098
27.9362
26.6036
27.2697
29.1325
28.109
28.1973
27.6359
27.0758
20.8555
20.3724
20.1587
20.0998
20.8477
21.0367
21.285
28.408
27.9354
27.4614
27.7931
27.2554
27.1883
27.7818
28.11
29.1174
28.3072
27.8742
27.6538
27.7206
26.7123
26.473
26.9202
27.3974
28.0584
27.8268
27.7829
27.2699
28.3873
20.4147
20.3731
20.2603
20.6783
21.2848
21.1735
21.0083
20.205
20.66
20.025
20.0598
20.0724
20.794
21.57
21.9062
28.7816
28.4763
28.1962
27.6502
27.3057
27.3445
27.366
28.3411
28.5533
29.1363
29.4388
29.1511
28.8152
21.1148
20.1898
20.4459
21.079
21.3196
21.5887
28.5891
28.3029
28.6084
27.804
28.4509
28.7343
29.5329
29.8855
29.659
29.2701
28.9636
28.8931
28.7909
27.5568
27.3954
28.0375
26.4329
22.7368
22.7968
22.4948
21.695
21.317
21.4148
20.826
21.0767
21.5338
22.0979
22.0046
23.0648
30.2965
30.1099
29.8704
29.2934
29.7655
29.6562
29.5099
30.07
29.9008
30.2793
22.9702
21.5196
20.7364
20.5347
20.5366
21.7231
22.7191
23.7033
23.7872
23.3694
29.7054
28.9685
28.1195
28.2174
28.8561
29.4464
29.4403
29.2663
27.0733
27.2973
27.289
26.4557
20.2965
21.2377
20.7742
20.9345
20.911
21.3441
20.5718
21.1906
27.6906
28.1528
27.6787
27.7164
28.6105
28.8442
28.9101
27.7815
27.6761
27.3663
27.7668
19.7279
19.6481
20.5679
21.2001
21.727
21.8521
21.0956
20.266
27.115
27.3828
26.886
27.4611
26.9038
26.8517
27.6492
27.5558
27.625
27.7229
26.9563
26.9755
22.8246
24.9206
24.5123
24.8688
23.3288
29.7683
30.1533
29.6417
29.6684
29.7554
31.104
30.0873
29.6821
29.2671
29.6159
29.6093
29.3853
26.3688
26.4555
25.6035
19.312
19.6911
20.0706
21.3509
20.7949
20.6814
19.8996
18.6208
18.73
19.0935
20.7125
27.2871
27.6971
26.7691
27.0601
26.3123
24.9234
25.0731
26.1067
27.1041
27.1983
26.6949
26.0056
18.1336
18.7127
17.7471
18.5418
18.4035
19.0301
27.2098
26.7199
26.2268
33.4579
26.5812
25.345
25.3111
25.115
25.7136
26.6915
26.3582
26.1363
28.0836
21.6677
21.2622
21.2451
21.3646
21.6129
22.0512
21.7357
28.9334
28.886
28.2943
28.4224
27.5499
24.7963
25.351
19.9093
20.1543
19.9488
20.1062
19.4763
18.8004
17.9252
25.7351
25.8269
25.9388
25.6149
26.3247
26.7818
27.0019
26.7666
26.1176
25.8649
24.6908
25.1186
25.8812
27.195
26.7319
27.017
26.5251
24.7661
25.045
25.1176
27.3424
26.8052
26.8228
25.6695