30.7755
33.2898
31.8305
33.7481
33.406
41.6368
34.4141
32.2523
31.9059
31.7579
30.4856
32.1521
32.8912
34.6221
34.6173
34.834
31.9643
32.3461
32.1731
36.7389
31.3481
33.1932
32.5514
32.8656
38.8732
32.8513
30.9048
37.9869
32.6557
36.8763
40.4123
37.4357
34.2041
41.1471
35.4892
34.6083
36.5908
34.98
41.5713
35.507
38.8974
45.0388
37.814
37.0466
41.6372
40.116
39.3349
40.1459
41.052
37.636
35.1593
34.843
36.0684
36.4285
36.2015
42.0472
38.7538
38.8769
35.6256
39.4455
43.5247
42.0419
44.3007
41.6563
40.9823
38.893
40.6023
42.3277
40.8224
35.6207
38.0268
39.2716
40.7289
40.8281
40.1137
43.1184
40.0099
41.5819
43.3475
43.4663
39.6033
40.5188
40.4588
41.0401
40.5719
38.6834
40.4224
38.7716
37.8716
43.0661
42.3673
45.3869
47.4348
43.5976
43.7698
40.5688
40.8824
39.5648
39.5162
39.9384
41.4801
38.1228
37.5172
39.7486
36.3655
36.0267
38.2904
37.6711
43.6221
39.8082
42.4064
43.3229
39.0645
46.6645
42.131
40.7245
45.2563
39.1729
39.7355
39.8861
39.6818
37.9913
42.5342
35.9817
38.8264
37.6853
37.411
38.6681
38.1999
35.9286
34.359
34.218
42.8736
39.1715
39.2722
37.9538
37.9681
43.0094
41.1446
42.8965
40.8416
45.3495
37.9458
38.8806
43.2991
40.4846
45.3203
40.2905
41.2029
44.398
50.1768
45.2305
42.9525
42.5378
48.1491
44.5413
43.3101
48.3103
41.4927
43.2626
36.6744
36.9431
35.8199
42.8928
41.1687
41.364
40.9927
39.3622
40.633
40.1238
41.7655
43.18
43.5876
40.7931
39.1161
45.9281
43.0317
43.1919
41.8986
43.5652
43.5823
47.9738
47.5515
44.039
47.0694
44.4425
44.7344
49.0562
47.2057
48.4186
47.9829
45.951
47.4891
46.5498
45.0541
45.3926
45.7508
47.0665
45.7873
47.1236
52.997
46.2974
48.1862
53.2974
50.1612
55.7004
49.4709
45.7193
46.6125
46.4995
48.3138
51.8876
44.5634
46.3799
46.47
52.9573
49.8047
52.5327
51.6743
49.1414
57.6775
50.2984
51.7974
47.0802
46.1254
47.9158
44.889
47.4029
45.0834
46.3698
43.6971
40.8958
41.1476
40.0073
46.1201
39.974
45.1769
51.7596
45.8915
45.9131
44.0032
43.67
41.7131
39.8941
42.4947
43.0338
39.2954
40.2598
43.1439
41.0542
39.3667
42.7687
43.66
43.8508
43.5162
45.0686
43.9552
41.2474
40.7867
39.51
41.6564
41.1489
41.9371
41.5336
41.159
41.3269
38.9731
42.2217
42.2504
40.3398
41.3103
42.066
38.2754
37.7695
38.2756
50.0238
43.7849
41.7905
41.7076
47.0717
43.5156
43.2808
44.027
46.99
44.8667
39.6721
40.8234
39.5239
41.0141
42.2265
40.4582
43.1398
41.0239
44.3337
46.506
41.8159
40.6003
42.6195
40.7968
40.1369
39.9418
43.3539
40.4565
41.4292
46.2579
39.4418
45.9298
39.4826
41.153
42.0995
43.1005
41.9297
41.4604
45.3685
41.5782
45.9949
41.5266
42.9588
47.5967
42.5809
41.5327
48.343
44.3667
52.9536
46.9431
45.32
44.0091
43.2668
45.3236
46.5003
44.9555
47.0574
52.022
43.258
42.284
39.5579
43.2891
40.4699
41.3109
38.2325
39.0373
40.5265
41.4185
44.2586
44.2411
44.69
42.1279
39.4254
41.5853
41.3494
40.7104
44.2744
39.4093
41.7372
42.8753
49.6907
45.7064
47.7309
39.6615
41.8492