3.21549
3.19189
3.38023
3.41615
3.32345
3.31437
3.32403
3.79436
3.33757
3.29907
4.19223
3.48518
3.33532
3.3143
3.30667
3.49858
3.54284
3.65888
3.49489
3.70107
3.7247
3.91894
4.35002
4.50007
4.52147
4.10352
4.08578
3.88568
3.65751
3.78189
3.72983
3.63176
3.63996
3.5748
3.92081
3.64837
3.66493
3.66414
3.62517
3.61801
3.28672
3.84456
3.20192
3.41503
3.53
3.53661
3.42199
3.54249
3.57864
3.57779
3.5243
3.51015
3.41198
3.19366
3.22703
3.41203
3.47323
3.45427
3.43502
3.42715
4.37869
4.5645
4.57688
4.2214
4.36439
4.14102
4.58178
4.58546
4.6941
4.64683
4.92244
4.57928
4.37123
4.266
4.424
4.68366
4.64636
4.69876
4.73885
4.6859
4.65228
4.18952
4.18273
5.1708
5.55781
5.51665
5.57657
5.51778
5.48316
5.44329
5.2681
5.23522
6.03565
5.27031
5.81287
5.63529
5.21621
5.42743
5.44664
5.36628
5.70487
5.48763
5.62199
5.57799
5.85442
5.53889
5.48581
5.46466
5.47653
5.60248
5.68511
5.66037
5.71414
5.65107
5.68514
5.59772
5.51272
5.42239
5.99632
6.34628
6.00501
6.41362
6.09098
6.40525
6.45347
6.33402
6.43469
6.70197
6.81247
6.69003
6.63371
6.36467
6.36342
5.83677
5.99538
5.73604
6.13177
6.45827
5.84846
5.82649
5.79013
5.73604
5.70416
5.7214
6.27947
5.74469
5.76858
5.81001
5.33794
5.36085
6.27241
5.36351
5.34623
5.33144
5.47414
5.41826
5.43783
5.37012
5.34182
5.91131
5.36527
5.36987
5.57917
5.16638
5.24253
5.18688
5.11685
4.86311
5.98845
5.64131
5.46036
5.56266
5.57102
5.76752
5.82377
5.43392
5.51307
5.44366
5.58036
5.413
6.20933
6.14496
5.1832
5.45331
5.515
5.476
5.89392
5.50662
5.54266
5.53457
5.40795
5.39005
5.32268
5.29853
5.32523
5.5592
5.67228
5.67817
5.67905
5.57732
5.97147
5.46819
5.87436
5.42449
5.40769
5.41259
5.36269
5.40016
5.34795
5.38452
5.82609
5.78796
5.80424
5.49963
5.51821
4.41497
4.39846
4.26179
4.29762
4.30501
4.67666
4.26687
4.5768
4.58101
4.5743
4.37601
4.38138
4.60189
4.78692
4.85557
4.83077
4.84574
4.73683
4.74763
4.68418
4.49812
4.60375
4.59487
4.9168
4.6027
4.94745
4.65186
4.84895
4.79736
4.87766
4.82993
4.65945
4.63113
4.61327
4.92907
5.02699
5.27113
4.56132
4.82827
4.73738
4.54239
4.67475
4.66814
4.69803
4.97568
4.61715
4.6778
5.16373
4.63047
4.53676
4.76228
4.81174
4.9508
4.9238
4.91015
5.037
5.01292
5.05807
5.45583
5.00586
4.959
4.62593
4.66482
4.61525
4.6147
4.742
4.46759
4.43519
4.41602
4.64097
4.65138
5.04265
5.17877
4.82618
4.82661
4.90461
4.83085
4.8979
4.71142
4.68733
4.66922
4.66006
4.68336
4.79451
4.76906
4.84412
4.62551
4.63517
4.8456
5.84359
5.9761
5.28106
4.96349
4.93935
4.93138
4.8381
5.15593
4.85853
4.98312
4.6415
4.76863
4.9171
5.25618
4.82115
4.97129
4.95428
5.45788
4.97805
5.15262
5.44285
5.47149
5.23154
5.04363
4.81649
4.65171
5.04897
5.16735
5.15339
5.23016
5.09783
5.2518
5.1973
5.12019
5.4723
5.0231
4.89437
4.96808
4.93238
4.5311
4.5048
4.55265
4.52978
4.67734
4.66696
4.34964
4.33673
4.32724
4.63119
4.96286
4.38061
4.80348
4.64163
4.62448
4.59326
5.17838