11.9384
10.7303
10.3232
11.5372
11.676
12.7393
13.0303
13.1797
12.8301
12.9556
12.3049
11.5346
11.4702
8.89479
10.2527
10.2842
10.1801
10.2495
9.89429
10.0219
10.0752
9.71361
9.58123
11.0223
11.655
11.2681
11.1766
11.34
11.2527
8.66586
8.65374
8.63973
10.0535
11.2589
11.3392
13.2425
13.3372
13.5156
11.4717
11.2009
11.3079
11.5765
13.1021
13.1618
12.799
11.954
12.4307
12.0827
12.4059
12.0066
12.587
12.2406
10.5756
10.8678
10.9315
12.6206
12.7862
13.2554
12.2379
12.5202
11.4053
10.2303
10.3325
10.3406
12.1881
11.9997
11.7417
12.9573
12.8133
12.6128
13.0438
12.6771
13.1054
13.0658
13.4082
15.7601
14.2147
13.1471
13.0139
12.9862
14.4677
14.8456
14.9041
15.2859
15.0464
15.6367
15.4366
15.5223
15.5041
15.8817
13.4012
13.4366
13.7641
12.4568
14.6744
13.6465
14.1924
14.0736
14.5848
15.4879
14.9418
14.9952
15.0569
15.4378
15.2245
14.9693
15.2408
15.1389
15.7255
12.109
13.1883
12.7244
12.2999
13.8332
13.5991
15.4273
14.9576
14.2745
13.9219
15.3521
15.2868
15.2033
14.8636
15.3899
15.1403
14.2919
14.0385
13.6787
13.7354
13.7308
13.8028
15.6613
15.7515
14.9128
15.2826
13.1922
13.8544
13.4545
13.2434
11.6185
11.9196
10.7989
11.955
13.2021
13.0391
12.271
11.9016
13.6285
13.3323
14.0778
13.8186
13.6843
14.4951
14.9692
14.3659
14.5794
13.3864
12.5863
12.4126
12.9298
11.5889
11.7664
11.1393
11.8038
13.6009
13.3106
13.3551
13.3416
13.2933
14.1356
14.6935
14.2783
14.6884
12.1119
12.4398
12.4487
12.0788
12.7857
12.5165
13.9768
14.2051
14.3185
14.6087
14.5084
13.3808
13.7558
14.3711
14.3211
12.7974
13.0768
14.0835
14.1254
13.9036
13.8742
15.3492
14.7275
15.1062
15.1733
15.8561
15.5049
13.0294
12.762
13.6078
13.5963
13.9693
13.9623
14.0851
13.2156
13.1762
13.4297
14.644
14.9899
14.7662
14.785
15.5146
15.4527
15.5118
16.2397
16.0933
14.3444
11.5467
11.9102
11.4934
11.349
12.8947
12.84
15.8251
14.9128
15.4289
15.3565
14.6263
14.699
14.4921
14.4852
14.2564
14.5073
13.6416
14.4712
13.875
14.2428
12.9939
13.4824
13.3
12.9216
12.4789
12.4395
14.28
14.9389
15.1619
15.2481
15.5693
14.9708
13.7841
13.3076
13.6415
13.2672
13.7339
13.2671
14.2793
14.0462
15.5301
13.5519
13.1624
13.2157
12.5086
14.3849
14.418
15.405
13.4921
13.4065
13.0043
13.9409
14.4445
14.1446
15.873
14.576
14.155
14.1979
14.1904
12.6732
12.6679
13.9302
14.269
12.7282
11.871
12.618
12.7968
9.60632
9.83062
10.9775
11.7963
12.779
12.7624
12.8069
13.0127
15.2772
15.4009
15.022
14.1396
12.9143
13.3584
13.0658
12.8413
13.3525
13.3312
15.4198
14.8919
15.2771
15.6307
14.7783
14.7966
15.074
14.2635
14.2155
12.9139
11.4201
12.1009
13.5862
13.6635
13.6497
14.1246
15.013
14.1168
14.1922
14.6757
15.5762
15.4157
15.268
14.454
15.9533
15.4304
14.0652
13.1025
13.0405
11.7808
11.3824
11.423
13.0563
14.3722
15.294
15.2372
15.3072
15.3431
14.1663
14.3224
14.582
14.5112
13.5957
13.9053
13.2675
13.5889
13.9893
12.3329
13.2861
13.2225
13.4641
14.5769
14.371
14.3858