96.7411
97.5852
100.519
104.213
107.745
111.072
108.025
112.421
120.026
122.125
110.233
109.863
100.476
85.876
83.2203
80.7273
78.4944
76.7761
70.3194
67.2284
75.608
69.8088
73.7442
76.2344
71.7473
74.7788
77.0955
75.9533
79.9912
91.7438
95.4078
98.7835
82.5823
79.4523
79.6647
78.2738
75.7655
74.9057
73.0657
71.6287
73.5818
78.1409
84.8998
88.3491
90.0631
95.2767
106.401
107.846
117.823
113.991
110.194
107.821
110.128
108.835
105.419
106.751
100.156
99.3142
100.683
100.927
105.665
105.093
106.93
111.274
110.24
117.335
118.155
110.524
104.612
102.657
99.771
95.6864
77.4973
86.6799
96.3117
79.2935
80.9554
77.555
67.973
68.1668
73.2233
76.6571
73.6983
78.0187
87.1617
88.91
79.152
66.1364
67.2689
71.9096
78.9033
83.6339
76.8558
86.7699
88.6465
84.3379
85.5183
77.6387
86.9925
87.9388
82.275
90.258
78.081
81.8597
88.0958
91.8505
85.4386
78.9529
95.381
101.811
86.4982
83.8508
83.8073
87.3568
91.4552
91.9441
97.5283
89.0916
87.5492
91.0851
102.501
104.318
97.2561
96.0123
103.482
110.637
103.878
108.338
110.058
111.177
122.263
122.63
110.577
105.69
113.712
109.29
112.68
121.012
123.244
120.56
124.246
123.54
125.159
133.303
123.545
129.147
121.92
125.664
110.165
106.22
104.355
107.533
108.228
112.515
111.407
115.073
116.586
115.648
117.937
115.493
120.318
109.924
110.323
98.0189
105.592
98.1417
100.007
102.627
105.001
106.139
106.09
100.534
85.1009
88.91
80.614
87.0424
88.8523
86.1327
89.8157
84.5082
83.1171
87.1617
96.5875
92.0806
93.3103
101.128
99.3897
98.596
98.9326
98.4211
105.846
98.2481
91.8748
82.7469
68.0864
67.6064
75.1594
74.4551
77.0473
90.83
88.6138
96.9063
109.4
113.547
119.407
119.738
132.242
130.188
132.042
112.368
124.06
120.793
118.636
130.103
132.335
130.318
131.5
135.035
140.558
145.597
152.781
157.3
159.549
156.447
151.041
153.907
139.465
141.167
135.219
146.799
147.222
153.838
150.085
142.347
148.839
151.153
147.931
153.132
158.474
144.64
153.276
149.403
138.95
145.862
143.571
125.92
124.439
115.044
122.62
121.031
117.925
127.34
115.246
135.041
117.771
126.066
122.546
134.807
147.281
137.715
134.55
150.122
158.841
140.164
133.221
118.661
109.835
92.3415
84.635
83.6151
79.8453
86.8803
92.3919
95.0025
95.2593
92.3643
97.1375
89.4094
92.4736
106.396
91.5227
89.947
88.1427
86.0496
86.3166
88.6445
88.8746
87.5481
84.5511
78.4975
79.3663
82.0235
86.5544
84.7858
91.7353
95.5194
101.61
113.232
115.655
120.975
118.613
117.339
126.287
129.048
126.095
127.34
125.203
119.02
109.895
116.633
119.501
111.017
109.545
109.088
116.372
115.594
122.2
121.074
122.317
129.942
122.913
120.402
120.224
118.023
116.187
120.894
110.9
106.985
106.327
110.047
109.436
110.202
109.003
108.211
109.505
112.366
112.514
112.182
120.121
113.817
116.362
115.058
111.951
108.541
110.589
105.45
118.491
119.068
128.491
121.205
116.031
113.207
109.734
107.618
112.425
106.979
105.557
104.841
109.283
102.499
99.3456