0.325743
0.326951
0.63143
0.324745
0.324818
0.324406
0.336321
0.335621
0.335045
0.335264
0.334531
0.347238
0.328789
0.329174
0.330275
0.332439
0.333907
0.333595
0.333123
0.333157
0.333851
0.333476
0.344424
0.34729
0.351754
0.356014
0.357193
0.35655
0.355637
0.355633
0.354598
0.354913
0.356107
0.355733
0.351466
0.353978
0.356829
0.357196
0.357066
0.62316
0.320575
0.3222
0.325381
0.326599
0.327488
0.32663
0.327009
0.598024
0.602713
0.602675
0.604475
0.603142
0.604387
0.327879
0.326371
0.337653
0.336636
0.335724
0.335653
0.651553
0.615914
0.619938
0.618715
0.619389
0.619316
0.335288
0.338525
0.339792
0.337196
0.336568
0.335513
0.336281
0.613527
0.616509
0.619543
0.620114
0.618176
0.617021
0.333497
0.334486
0.335323
0.387194
0.359889
0.365202
0.633815
0.615679
0.614021
0.332742
0.334247
0.335192
0.33571
0.335196
0.335344
0.33518
0.614272
0.615902
0.620593
0.619879
0.620148
0.619769
0.334822
0.33565
0.334552
0.385718
0.358139
0.363427
0.3657
0.625492
0.61429
0.331903
0.332668
0.334699
0.335238
0.335404
0.334576
0.334254
0.611553
0.616689
0.61867
0.618353
0.620749
0.618362
0.335368
0.336242
0.37485
0.363157
0.638314
0.619478
0.620677
0.622461
0.338269
0.338517
0.339546
0.340318
0.34044
0.340883
0.669356
0.62533
0.626683
0.628486
0.628506
0.628981
0.340893
0.341535
0.341828
0.342306
0.368861
0.373439
0.375465
0.654211
0.635495
0.635418
0.343467
0.344704
0.345158
0.346299
0.346549
0.347771
0.649039
0.636149
0.639107
0.638807
0.637019
0.637842
0.346531
0.346198
0.347007
0.405643
0.374334
0.376031
0.376794
0.648042
0.632064
0.342988
0.344336
0.345348
0.345678
0.346117
0.34609
0.632757
0.633265
0.634595
0.635637
0.63398
0.634802
0.343161
0.343699
0.386903
0.36676
0.371347
0.632576
0.624427
0.627004
0.3397
0.340647
0.341128
0.340356
0.340023
0.339507
0.338056
0.619556
0.618884
0.620449
0.620599
0.618862
0.617923
0.628366
0.607473
0.608581
0.611744
0.609689
0.61178
0.330522
0.331767
0.332565
0.331475
0.33195
0.334639
0.650444
0.611755
0.615595
0.619589
0.621837
0.366074
0.347918
0.332247
0.612511
0.618066
0.621365
0.62019
0.622002
0.335603
0.336109
0.336531
0.336671
0.336969
0.336527
0.337128
0.619181
0.617253
0.623019
0.622894
0.624026
0.36598
0.351431
0.624658
0.616555
0.620125
0.622145
0.621147
0.62261
0.336479
0.338065
0.338572
0.338436
0.337988
0.338124
0.654071
0.621582
0.367004
0.36715
0.367335
0.367036
0.355253
0.335923
0.335464
0.336634
0.337522
0.619684
0.620959
0.624969
0.624086
0.623911
0.625874
0.33854
0.338753
0.338544
0.340053
0.338225
0.38057
0.364861
0.369067
0.369539
0.368453
0.641907
0.337404
0.336166
0.338723
0.339025
0.33981
0.340854
0.66028
0.625315
0.625908
0.62867
0.629728
0.629585
0.338924
0.340862
0.340877



























































