19.0339
20.7676
21.123
20.4725
17.9809
19.17
19.5015
20.0485
20.1627
20.3058
18.7191
18.9962
17.2189
19.0272
19.0233
21.6683
20.0123
20.4884
18.1569
16.0827
15.7389
16.5394
19.2657
18.8778
19.2124
19.4729
22.3773
20.5293
20.1412
19.7412
18.3234
19.1859
20.1964
19.1237
19.2171
18.6625
16.6708
16.7298
17.2593
19.3464
19.4709
19.0426
19.5896
18.8154
18.5167
16.3901
17.1632
19.3544
23.2409
23.9428
24.3826
21.6424
24.0906
23.9905
22.5984
22.8206
21.3078
21.9396
21.6333
21.7564
22.5615
21.2489
23.2588
24.1424
22.0448
23.2996
23.1207
23.1335
23.89
24.8374
24.3362
22.7245
21.5933
21.5962
21.6643
22.1466
24.9327
28.7006
28.8085
27.0068
25.0468
21.1602
20.7393
22.8534
24.2461
21.939
22.612
20.7947
19.8165
21.412
21.04
24.1931
22.7188
22.137
20.7455
19.8424
22.0346
20.0066
20.6379
18.6687
25.1568
24.7069
23.8118
25.0083
22.746
23.1755
19.4243
19.5788
20.5195
21.7761
22.555
22.5698
24.4567
22.0343
22.2903
18.7727
20.0456
19.4818
22.9744
23.2416
23.4275
21.2933
21.314
22.4622
22.0684
25.8902
26.3924
27.3603
22.6258
23.0725
22.9637
22.1502
21.399
20.4646
17.3667
18.2174
19.1461
20.8513
22.403
22.2182
22.1572
18.7846
18.1023
17.9196
19.5211
20.5154
27.5155
28.6463
29.8603
30.797
28.3303
27.985
27.7682
30.4055
30.9136
30.8978
31.2948
30.6307
30.4966
28.6782
28.9968
29.407
32.9252
33.2466
32.1571
31.1884
29.9684
30.8367
29.7671
31.0046
31.1886
31.6636
31.5197
30.9577
30.2975
28.7259
28.6643
28.9193
30.9491
31.7072
31.5129
29.3017
28.4134
29.6479
31.4962
32.6629
33.06
32.9129
31.7924
31.1125
31.0784
32.1875
32.4138
33.0938
34.5176
26.9605
25.9526
28.2643
26.2727
19.6629
19.8721
21.5159
22.7901
21.9999
21.6549
21.8469
21.8781
20.6148
19.6922
20.8015
21.0395
22.2442
25.2193
25.3213
25.041
25.1715
20.2104
19.6139
20.2818
22.3098
22.7859
22.112
22.1019
21.3542
22.5575
19.7692
21.3635
20.1192
21.758
21.6981
24.4962
25.2559
25.5295
22.5605
22.9707
22.65
23.4192
24.5206
22.0617
23.1557
22.7147
21.4538
19.2425
19.835
19.5885
23.2657
22.2442
20.5319
20.7574
20.0637
18.7773
19.0264
19.6439
19.8544
19.7204
22.2512
24.003
23.3091
26.0326
24.9032
22.0204
20.869
22.3112
20.4748
20.5264
20.6696
21.3755
21.7814
19.4256
18.7881
19.2134
21.0754
22.0565
21.2231
21.8788
20.6524
21.1637
21.0688
23.8927
23.0769
25.2356
24.5795
21.6759
19.9128
20.1214
20.0585
19.5897
19.3444
19.9113
22.3132
22.2849
21.2525
19.9182
19.8635
18.0202
19.0552
19.8533
24.1714
22.8349
21.171
21.5061
23.6957
23.8521
22.5388
23.4647
20.351
21.3879
20.8775
20.3601
19.7926
19.9566
21.8962
19.3112
19.3041
20.6958
20.7182
20.5309
20.9343
21.5952
22.2653
19.6222
19.5272
23.7447
26.0217
24.685
23.8225
21.6661
23.0383
22.1015
20.2846
19.3381
18.8936
21.2575
20.8433
22.625
22.045
20.0419
18.3975
17.8831
18.1349
21.7806
23.0891
23.9275
25.8428
26.5468
23.4023
23.6302
20.5974
21.5892
21.5795
20.9101
20.7415
20.9456
21.5629
19.6771
21.1793
21.2226