47.8458
47.7373
49.3123
49.5211
49.0473
49.2583
51.116
50.9846
50.6667
50.3955
50.0596
50.384
54.6782
55.4918
55.2098
54.8008
55.1301
51.431
51.2931
51.1524
51.7829
52.6067
53.8911
53.1903
52.9919
53.1289
52.2198
57.3796
56.1999
56.3219
56.3844
56.1733
56.2373
53.0346
52.9873
53.2954
53.3633
53.9065
53.2136
53.4474
53.4815
52.7479
52.1394
52.5199
53.9332
54.479
54.6781
54.6074
54.4218
54.6696
54.3332
54.3802
54.1268
59.7
58.8771
53.8224
53.7468
57.8067
58.4562
58.3943
58.9178
56.5063
55.2987
55.3422
55.2421
55.3444
54.8824
59.0719
59.7178
61.819
62.3214
62.4999
57.1553
57.2672
57.2432
58.7254
59.2968
58.3249
62.2322
60.839
61.2816
62.2262
61.2848
61.0431
60.9493
61.4114
61.0086
61.3421
61.0278
61.0646
60.9117
59.8439
59.734
60.1001
61.3056
61.2987
60.4965
62.8483
60.7754
59.579
59.9096
59.7574
59.516
59.5493
59.3225
59.7915
59.9687
59.604
59.6957
60.3096
59.4631
59.5263
58.7893
59.1246
58.69
58.9434
59.941
58.3319
59.0123
59.0771
58.4369
60.3884
60.6444
64.4348
65.5948
67.7665
68.4821
73.188
73.8578
75.7321
74.0651
73.7255
70.1576
68.3604
71.8581
71.5329
71.4457
71.6555
73.1554
72.5056
72.5132
72.5815
71.3014
71.708
71.7701
73.3841
72.7945
73.5734
72.7877
72.3612
74.1779
72.3083
73.6096
72.7529
70.9583
74.1093
67.6161
78.0612
72.9479
73.6808
73.2274
73.4255
73.437
71.9839
72.3327
73.8742
72.5286
72.318
74.8426
74.5731
71.3259
70.8212
71.0203
69.3136
69.476
70.5628
70.5562
71.0978
71.066
71.1574
70.8581
71.1156
70.9232
75.0313
75.1149
77.1277
76.5477
72.5275
72.7409
71.0676
70.5443
71.0853
72.9605
72.288
73.8472
73.7322
72.4983
73.0975
72.7184
72.7343
72.6026
72.7318
72.4518
72.5027
72.5969
70.1852
70.1202
69.531
70.4472
70.1321
71.6684
70.7483
71.2242
70.4823
70.8495
71.3792
71.5097
72.3041
73.2539
72.5546
72.5181
72.9232
72.4516
72.5786
71.6535
71.8006
72.1298
70.7075
70.5169
70.7558
70.6828
69.5687
69.8273
69.5929
69.5907
69.9836
70.1669
69.2705
69.3692
68.5627
68.1244
68.6073
72.7392
78.1842
73.8294
73.7127
73.3484
73.7027
69.1587
69.5041
69.8659
70.1035
70.1605
71.2448
71.0223
71.3223
70.2384
70.1285
71.8693
74.0898
72.1588
70.3685
71.4828
70.8744
72.2764
73.2674
71.9073
71.8771
70.3057
70.8245
71.5
72.3611
71.7135
72.1585
75.8357
74.1131
72.5837
72.4944
72.192
72.3113
74.5288
72.5969
73.8602
73.0278
72.2863
72.8433
73.3971
71.3668
71.7666
72.9849
73.7434
77.4818
77.8018
71.7699
72.6346
71.7074
71.2809
74.2318
76.7398
78.2375
78.5029
76.4791
77.5373
72.5581
71.7734
72.5444
72.6376
70.5619
70.3306
70.156
70.7198
70.4865
70.5345
69.4581
68.9229
68.6937
70.2873
69.8012
70.3897
71.3952
71.0786
70.8417
70.9994
71.9107
71.9179
70.6797
71.5671
71.064
70.9634
70.4007
70.2527
70.3529
69.4688
69.8012
70.3653
71.3211
70.0856
70.5164
70.6959
69.7284
69.6541
69.4532
68.5616
69.3981
69.1579
69.5241
69.7117
69.4595
69.1836
69.512
68.9345
69.091
69.3164
69.254
69.0311
73.6978
73.3546
73.5895
73.5346
73.1014
68.1346